Column 1
g	mL
14	4.4
7	3
14	4.8
7	3.4
10	4
7	3.1
7	2.9
12	5.4
9	4
7	2.8
11	5.1
15	6.8
11	5
12	4.8
10	4
9	3.6
12	5.4
9	2.9
10	2.4
11	4
7	2.6
9	2.8
8	2.9
9	4
8	3
12	4.7
9	3.2
8	3.1
9	3
11	5.6
9	3
13	5.6
14	6.4
10	4.2
Column 2
g	mL
12	4.6
14	5.5
7	3.2
7	2.5
7	3
9	3.8
12	4.6
12	4.6
11	5.2
9	3.2
10	4
10	3.7
8	3.6
11	4.5
11	4.4
9	3.4
11	4
15	6.4
8	3.4
7	3.4
8	3.6
8	3.2
8	3.4
10	4
11	4.8
11	4
9	3.8
9	3.2
9	3.8
9	4.3
8	3
9	3.8
9	4
12	4.8
Column 3
g	mL
10	3.4
11	4.6
9	3.7
7	3.4
8	3
9	3
8	2.8
8	3.4
7	2.7
12	5.2
8	3.7
8	3
8	3
7	2.8
9	4.2
10	4.1
9	4.5
11	4.4
8	3.1
10	5
9	4.3
8	3.8
10	3.7
9	4.4
9	4.1
10	3.5
CROSSED OUT	CROSSED OUT
8	3
9	4
8	3.2
11	5
7	3.6
8	3.4
Column 4
g	mL
7	2
11	4.4
11	4.2
9	2.9
13	5.8
9	3.6
10	4.2
9	3.4
8	2.4
9	3
9	3.6
16	8
8	3.4
12	5.2
11	4
10	4.4
11	4.4
9	3.7
9	4
8	3.4
11	3.8
10	4.1
7	3
7	2.6
9	3.4
8	3.2
CROSSED OUT	CROSSED OUT
9	4
10	3.9
8	3.4
11	5
7	2.8
10	4.2


	g	mL
	12	4.4
	8	2.6
	9	3.6
	14	5
	12	5.8
	12	3.1
	8	2.4
	10	4.2





Set 1 — 20 g to 18 g
g	mL
20	8
19	7.6
20	9
20	8.6
19	7.9
19	8.1
19	7.2
19	8.1
19	6.6
19	6.4
16	6.5
18	7.8
18	8.8
18	7.7
18	8.1
18	7.2
18	6.6
Set 2 — 16 g
g	mL
16	5.6
16	5.5
16	6.3
16	7
16	4.5
16	6.6
16	6.6
16	5.8
16	5.4
16	5.2
16	6.6
16	6.1
16	5
16	5.4
16	4.9
—	crossed out
Set 3 — 17 g
g	mL
17	7.4
17	7.6
17	6.6
17	6.5
17	7.6
17	7.6
17	7.4
17	6
17	5.7
17	6.1
17	6.8
Set 4 — 15 g
g	mL
15	5.7
15	5.3
15	6.2
15	5.3
15	5
15	4.8
15	4.8
15	6
15	5.2
15	5
15	5.4
15	5
15	5.7
15	4.1
15	5
15	5

I can read this page as a “MEDIUM” set of measurements, with weight in g and volume in mL.
11 g
g	mL
11	4.8
11	4.8
11	3.8
11	4
11	4.4
11	4
11	4.4
12 g
g	mL
12	4.4
12	5.2
12	4
12	5
12	5.6
12	4.4
12	5
12	5.8
12	5
12	4.8
12	4.8
12	5
12	5
12	5.4
12	4.6
12	4.6
12	5.2
12	4.8
14 g
g	mL
14	6
14	5.6
14	6
14	6
14	6
14	5.4
14	5
14	5.2
14	4.8
14	5.4
14	5.8
	
14	4.4
14	5.4
14	4.2
14	5.8
13 g
g	mL
13	4.4
13	5.4
13	5
13	5
13	5.2
13	5.8
13	5.8
13	5.2
13	5.6
13	4.8
13	5
13	5.4
13	4
13	5.6
13	6
13	4.8
13	4
13	5.4
13	5.6
13	6
13	5.8
13	5.4
13	6.4
13	5.2
13	5
13	5
13	5.4
13	4.8
13	5.6
13	5
13	5.2
13	5.2
13	5




13 g

13 — 5.6
13 — 6.2
13 — 5.8
13 — 5.8
13 — 5.4
13 — 6.6
13 — 5.4
13 — 7
13 — 5.2
13 — 5.8
13 — 6
13 — 5.7
13 — 5.6
13 — 5
13 — 5.8

14 g — Left side

14 — 6
14 — 6
14 — 5.7
14 — 5.2
14 — 5.6
14 — 6.6
14 — 5.4
14 — 6.3
14 — 6
14 — 5.9
14 — 6.4
14 — 6.6
14 — 6.1
14 — 6.4
14 — 5.9
14 — 5.4
14 — 6
14 — 5.6
14 — 6.8

14 g — Right side

14 — 6.4
14 — 5.8
14 — 6.4
14 — 6.6
14 — 6.4
14 — 5.3
14 — 5.9
14 — 6.2
14 — 5.6
14 — 5.3
14 — 5.6
14 — 5.4
14 — 5.3
14 — 6.2
14 — 6.2
14 — 6
14 — 6.2

12 g — Right side

12 — 5.4
12 — 5.4
12 — 5.6
12 — 5.5
12 — 5.5
12 — 5.1
12 — 5.7
12 — 4.2
12 — 5.2
12 - 5.5


15 g

15 g — 6 mL
15 g — 6 mL
15 g — 6.8 mL
15 g — 5.8 mL
15 g — 6.2 mL
15 g — 5.6 mL
15 g — 5.6 mL
15 g — 5.8 mL
15 g — 6.4 mL
15 g — 5.6 mL
15 g — 6.2 mL
15 g — 6 mL
15 g — 5.4 mL
15 g — 5.6 mL
15 g — 5 mL
15 g — 6 mL
15 g — 6 mL

16 g

16 g — 7.4 mL
16 g — 6.6 mL
16 g — 6 mL
16 g — 6.8 mL
16 g — 7 mL
16 g — 6.2 mL

17 g

17 g — 7.2 mL
17 g — 8.2 mL


15 → 6.2
15 → 5.4
15 → 6.8
15 → 7.1
15 → 6.4
15 → 6
15 → 5.9
15 → 5.9
15 → 6.7
15 → 6.5
15 → 6.3
15 → 6.8
15 → 5.8
15 → 6.5
16 → 7.5

11 g
g	mL
11	4.2
11	4.6
11	4.4
11	4.6
11	4.6
11	5
11	5.6
11	4.8
11	5
11	3.8
11	5
11	5
11	5.2
11	4.7
11	5
11	5.2
11	5.2
11	5
11	4.6
13 g
g	mL
13	6
13	5.9
13	5.8
13	5
13	6.3
13	5.4
13	6.2
13	6.4
13	6.3
13	5.9
13	5.4
13	6
13	5.6
13	5.8
13	5.6
13	6
13	5.8
13	5
13	5.6
13	5
14 g
g	mL
14	6
14	6
14	5.8
14	6.8
14	5.2
14	6
14	5
14	4.9
14	5.2
14	5.1
14	5.7
14	5.4
14	5.8
14	6.4
14	5.2
14	5.8
	
14	4.2
14	5.8
14	5.4
12 g
g	mL
12	5.2
12	5.4
12	5.4
12	5.6
12	5.4
12	4.4
12	4.7
12	5.2
12	4.9
12	4.7
12	4.6
12	4.2
12	5.4
12	5.2
12	5
12	4.9
12	5
12	4.2
12	3.8
12	5.3
